%YAML:1.0
---
image_width:  800
image_height: 400
camera_matrix: !!opencv-matrix
   rows: 3
   cols: 3
   dt: d
   data: [
       400.0000, 000.0000, 400.00,
       000.0000, 200.0000, 200.00,
       000.0000, 000.0000, 001.00 ]
distortion_coefficients: !!opencv-matrix
   rows: 5
   cols: 1
   dt: d
   data: [ 0.00, 0.00, 0.00, 0.00, 0.00 ]
