%YAML:1.0
---
image_width:  600
image_height: 400
camera_matrix: !!opencv-matrix
   rows: 3
   cols: 3
   dt: d
   data: [
       0520.0000, 0000.0000, 0300.00,
       0000.0000, 0520.0000, 0200.00,
       0000.0000, 0000.0000, 0001.00 ]
old_distortion_coefficients: !!opencv-matrix
   rows: 5
   cols: 1
   dt: d
   data: [ -0.32, 1.24, 0.0013, 0.0013, 0.00 ]
distortion_coefficients: !!opencv-matrix
   rows: 5
   cols: 1
   dt: d
   data: [ 0.00, 0.00, 0.00, 0.00, 0.00 ]
