%YAML:1.0
---
imagepoints_norot_notrans: [
    290.00, 190.00,            310.00, 190.00,
    290.00, 210.00,            310.00, 210.00 ]
imagepoints_rot_trans: [
    300.00, 190.00,            315.00, 200.00,
    260.00, 205.00,            300.00, 220.00 ]

worldpoints: [
    000.00, 000.00, 0.00,      020.00, 000.00, 000.00,
    000.00, 020.00, 0.00,      020.00, 020.00, 000.00 ]
imagepoints: [
    300.00, 190.00,            315.00, 200.00,
    260.00, 205.00,            300.00, 220.00 ]
