%YAML:1.0
---
imagepoints: [
    000.00, 000.00,             800.00, 000.00,
    400.00, 200.00,
    000.00, 400.00,             800.00, 400.00 ]
worldpoints: [
    00.00, 00.00, 00.00,        10.00, 00.00, 00.00,
    05.00, 05.00, 00.00,
    00.00, 10.00, 00.00,        10.00, 10.00, 00.00 ]
