%YAML:1.0
---
imagepoints: [ 275., 204., 331., 204., 331., 308., 257., 308. ]
worldpoints: [ 0., 0., 0., 1.7749999999999999e+00, 0., 0.,
    1.7749999999999999e+00, 4.6200000000000001e+00, 0., 0.,
    4.6200000000000001e+00, 0. ]
