%YAML:1.0
---
imagepoints: [
    400.00, 080.00,             800.00, 100.00,
    200.00, 200.00,             400.00, 400.00 ]
worldpoints: [
    10.00, 00.00, 00.00,        10.00, 10.00, 00.00,
    00.00, 00.00, 00.00,        00.00, 10.00, 00.00 ]
